# het_simple
+----+----+---+------+---------+--------+------------+
| t  | i  | a | n    | het-lvl | method |  Time (ns) |
+----+----+---+------+---------+--------+------------+
| 1  | 1  | 1 | 2e10 | 0.001   | seq    |    6859589 |
+----+----+---+------+---------+--------+------------+
| 2  | 1  | 2 | 2e10 | 0.001   | rayon  |    7788102 |
+----+----+---+------+---------+--------+------------+
| 3  | 1  | 3 | 2e10 | 0.001   | orx    |    3600633 |
+----+----+---+------+---------+--------+------------+
| 4  | 2  | 1 | 2e10 | 0.011   | seq    |    7152177 |
+----+----+---+------+---------+--------+------------+
| 5  | 2  | 2 | 2e10 | 0.011   | rayon  |    7793688 |
+----+----+---+------+---------+--------+------------+
| 6  | 2  | 3 | 2e10 | 0.011   | orx    |    3202243 |
+----+----+---+------+---------+--------+------------+
| 7  | 3  | 1 | 2e10 | 0.101   | seq    |    7087417 |
+----+----+---+------+---------+--------+------------+
| 8  | 3  | 2 | 2e10 | 0.101   | rayon  |    7078261 |
+----+----+---+------+---------+--------+------------+
| 9  | 3  | 3 | 2e10 | 0.101   | orx    |    3130053 |
+----+----+---+------+---------+--------+------------+
| 10 | 4  | 1 | 2e10 | 0.201   | seq    |    7293751 |
+----+----+---+------+---------+--------+------------+
| 11 | 4  | 2 | 2e10 | 0.201   | rayon  |    7046632 |
+----+----+---+------+---------+--------+------------+
| 12 | 4  | 3 | 2e10 | 0.201   | orx    |    3483778 |
+----+----+---+------+---------+--------+------------+
| 13 | 5  | 1 | 2e12 | 0.001   | seq    |  104539390 |
+----+----+---+------+---------+--------+------------+
| 14 | 5  | 2 | 2e12 | 0.001   | rayon  |   17466240 |
+----+----+---+------+---------+--------+------------+
| 15 | 5  | 3 | 2e12 | 0.001   | orx    |   12381389 |
+----+----+---+------+---------+--------+------------+
| 16 | 6  | 1 | 2e12 | 0.011   | seq    |   93624363 |
+----+----+---+------+---------+--------+------------+
| 17 | 6  | 2 | 2e12 | 0.011   | rayon  |   17302649 |
+----+----+---+------+---------+--------+------------+
| 18 | 6  | 3 | 2e12 | 0.011   | orx    |   12473616 |
+----+----+---+------+---------+--------+------------+
| 19 | 7  | 1 | 2e12 | 0.101   | seq    |   93178369 |
+----+----+---+------+---------+--------+------------+
| 20 | 7  | 2 | 2e12 | 0.101   | rayon  |   17220041 |
+----+----+---+------+---------+--------+------------+
| 21 | 7  | 3 | 2e12 | 0.101   | orx    |   12077249 |
+----+----+---+------+---------+--------+------------+
| 22 | 8  | 1 | 2e12 | 0.201   | seq    |  100438495 |
+----+----+---+------+---------+--------+------------+
| 23 | 8  | 2 | 2e12 | 0.201   | rayon  |   17429116 |
+----+----+---+------+---------+--------+------------+
| 24 | 8  | 3 | 2e12 | 0.201   | orx    |   12786189 |
+----+----+---+------+---------+--------+------------+
| 25 | 9  | 1 | 2e14 | 0.001   | seq    | 1408675980 |
+----+----+---+------+---------+--------+------------+
| 26 | 9  | 2 | 2e14 | 0.001   | rayon  |  139691574 |
+----+----+---+------+---------+--------+------------+
| 27 | 9  | 3 | 2e14 | 0.001   | orx    |  160542629 |
+----+----+---+------+---------+--------+------------+
| 28 | 10 | 1 | 2e14 | 0.011   | seq    | 1350040370 |
+----+----+---+------+---------+--------+------------+
| 29 | 10 | 2 | 2e14 | 0.011   | rayon  |  139665391 |
+----+----+---+------+---------+--------+------------+
| 30 | 10 | 3 | 2e14 | 0.011   | orx    |  159952734 |
+----+----+---+------+---------+--------+------------+
| 31 | 11 | 1 | 2e14 | 0.101   | seq    | 1351756197 |
+----+----+---+------+---------+--------+------------+
| 32 | 11 | 2 | 2e14 | 0.101   | rayon  |  139074540 |
+----+----+---+------+---------+--------+------------+
| 33 | 11 | 3 | 2e14 | 0.101   | orx    |  158989227 |
+----+----+---+------+---------+--------+------------+
| 34 | 12 | 1 | 2e14 | 0.201   | seq    | 1355517046 |
+----+----+---+------+---------+--------+------------+
| 35 | 12 | 2 | 2e14 | 0.201   | rayon  |  138982955 |
+----+----+---+------+---------+--------+------------+
| 36 | 12 | 3 | 2e14 | 0.201   | orx    |  158698258 |
+----+----+---+------+---------+--------+------------+


